time,x,y,z,phi,theta,psi,x_velocity,y_velocity,z_velocity,phi_velocity,theta_velocity,psi_velocity,rotor_speed1,rotor_speed2,rotor_speed3,rotor_speed4
0.06,2.792362096700946e-07,9.777859694652392e-07,10.069942877224367,0.0002283894417836052,6.283077839596029,0.0,3.136089654575707e-05,8.585715303868837e-05,2.329788966143621,0.010501424143602969,-0.005638922990390928,0.0,899.967388732354,899.7391985755208,899.7499708101547,900.1748852527859
0.12000000000000001,1.717151743252382e-05,3.718766141713411e-05,10.279008471060875,0.0011125718898297166,6.282648703204011,0.0,0.0006937947844034954,0.0014471614617843184,4.632776802205218,0.0220878657746379,-0.010365467761024736,0.0,900.0693625615678,899.8782101549834,899.6183947627718,900.0871637325313
0.18,0.00010071162168395619,0.017948576703518158,10.596547931320854,0.8822264394391048,6.281970583685062,0.0,0.0023025885114550957,1.000143584278913,5.736794593309021,10.83666522980188,-0.01324432298623504,0.0,900.248105549779,900.1318122902067,-0.1370302781246172,900.0155739888334
0.23999999999999996,0.00032555731700837444,0.09662502272466622,10.962924945629986,1.1949329935610038,6.281102306109293,0.0,0.005452577936106952,0.8591644176229433,5.9185443051158835,19.289086523761164,-0.017042772398738297,0.0,900.0184752506185,899.8648398254654,-0.049175607853011366,899.8938073412033
0.3,0.0007985116859513813,0.16583373021263653,11.301209990850925,0.5794404843047047,6.28001220505276,0.0,0.010652135285005455,0.6595197927042155,5.510378862660771,24.351877529636464,-0.020520362309036932,0.0,899.8477053487442,899.7070390851667,-0.08440999068229324,899.6014520739209
0.36000000000000004,0.0016569334412951595,0.25101085379590293,11.637441399268011,3.200116441024603,6.278505653457717,0.0,0.01842023100096613,2.225900168546086,4.930843868998702,26.86844518058391,-0.036376456951418654,0.0,899.9624058035583,899.3204587616219,0.2872685831575601,899.4565772841576
0.4200000000000001,0.0030870432075603433,0.36160327371427314,11.862557503269663,5.0648473298733965,6.27615450310125,0.0,0.030036982979967937,1.0185681696447038,2.924961000241223,28.003755859575406,-0.04549543119143274,0.0,899.9198859263987,899.5499191272419,0.38179465953169694,899.8419238132816
0.48000000000000015,0.00538277087233786,0.3749667581555729,12.057456133426045,0.5150015196330457,6.273245194668963,0.0,0.04733388640618468,-0.14361434546086171,3.884892203515746,28.489881174624735,-0.05526859621640304,0.0,900.083324483143,899.6876115507106,0.34991296919693776,899.9636810497856
0.5400000000000001,0.008909743169315467,0.4104602724523692,12.31392612717038,2.2363684048945256,6.269671006982346,0.0,0.0714132499318234,1.5767939280101504,4.207710936145703,28.69155730156324,-0.06997047426297093,0.0,900.1161753462568,899.5205187897824,0.04189968570821284,899.9160533788386
0.6000000000000002,0.014127626598506948,0.5394193165219394,12.499101200221912,3.9606987995850673,6.265289098647424,0.0,0.10380978559608868,2.2213406273755147,1.7941772332542898,28.767633578596026,-0.07998603081805532,0.0,900.1732504847054,899.7650285864065,0.28603672385959333,899.5367110799667
0.6600000000000003,0.02158108175699361,0.618126027397705,12.56343356215578,5.6877646020220265,6.260248760281215,0.0,0.14632089072542104,0.30560454706473505,0.8679733913984244,28.801398519074333,-0.09357740561327652,0.0,900.266878191395,899.7130022237087,0.23468216687856863,899.6677825187825
0.7200000000000003,0.03193340394475594,0.6194052903206246,12.656087506245132,1.1329815620547805,6.254503072088022,0.0,0.2005636115300291,0.2661788579874699,2.229911308741013,28.81361745527828,-0.10052918860967498,0.0,900.1388839910319,899.8548175711288,0.09030238268459623,899.580700335784
0.7800000000000004,0.04592159687959282,0.6955470278183047,12.78004059025382,2.861788742536138,6.248365472031901,0.0,0.2676994599179711,2.2013254812286482,1.3776706715674054,28.813203385612102,-0.10605329926627935,0.0,900.1550813015112,899.9274505220014,0.07532028012430608,899.2934033089272
0.8400000000000004,0.06434145146456989,0.8259414991788872,12.784431050670621,4.59060596239498,6.242080840462691,0.0,0.34829097880773924,1.6379990246298728,-1.077073451870896,28.814242070419766,-0.10224801913932216,0.0,899.9499707031637,900.0980106325948,0.1174472671844283,899.3573745778592
0.9000000000000005,0.08800066968896278,0.8647301267681508,12.713520216203943,0.03652542328525499,6.235977896828487,0.0,0.4423383399145114,-0.11316999166594321,-0.8106317791519304,28.82400809761913,-0.10067277462013545,0.0,900.1225784391295,900.180713253596,0.33566412094616216,899.8516005331528
0.9600000000000005,0.11770601900709454,0.8786328468880198,12.704269743728787,1.7659280145941523,6.229655370885315,0.0,0.5498474250247377,1.010178106705781,0.1975182721487793,28.82240380053668,-0.117018300070148,0.0,900.5318615278953,899.865321365055,0.5027513366058081,899.5547294050733
1.0200000000000005,0.1542810054820325,0.9922309517171212,12.669121925787937,3.4952168853049184,6.222397571148939,0.0,0.6715739310441337,2.4084924471727898,-1.7475015307951374,28.820046938449483,-0.13031986518747174,0.0,900.1707242530475,899.627217062412,0.3154873838270345,899.4648241703418
1.0800000000000005,0.19863799677508648,1.0996479884736161,12.498714699356817,5.224298530481597,6.214391517712166,0.0,0.8094051252549308,0.854670978851659,-3.511355804560115,28.81477242372111,-0.14049221414697297,0.0,899.8397969109752,899.4193117698206,0.30431696036088196,899.2368155028306
1.1400000000000006,0.25173421998143203,1.1099809678518289,12.314218772808918,0.6701643149982086,6.20605744619813,0.0,0.9629578844374749,-0.044178662633423266,-2.39463306015322,28.821346194547303,-0.13589877471805595,0.0,899.675850703575,899.8513262703033,0.19768174509647934,899.6992548441277
1.2000000000000006,0.3146133834127037,1.1575071458380635,12.186526632415127,2.399483527372345,6.197905341579741,0.0,1.1357715289671402,1.7970361434835542,-2.36070973713661,28.82293574499369,-0.13583391683730017,0.0,899.8695233343357,899.8632131400432,0.4197070385796032,899.6406625876024
1.2600000000000007,0.38834442657367857,1.2903690419211324,11.972980691099657,4.128870855648779,6.18969029005067,0.0,1.3245513027938562,2.1204682204612673,-4.845947047267423,28.82340200773485,-0.13917550913028803,0.0,899.8172666111478,899.6750365046541,0.34637677635198205,899.6308318297342
1.3200000000000007,0.47395287273180847,1.3598112090670276,11.64727415823092,5.858275803501467,6.181310877672058,0.0,1.5304770347368348,0.1895200076434549,-5.485315094953827,28.823436612705155,-0.1406087891364199,0.0,900.0862710537415,900.0188007192147,0.4575973821914976,899.6225421264771
1.3800000000000008,0.5721961987947537,1.3645128438172576,11.358761570855348,1.3044380083075513,6.173000698868195,0.0,1.747895066329461,0.477494202383463,-4.200123268650785,28.820935388859407,-0.1345974524996849,0.0,899.9905795561741,900.2234117303578,0.3934228146499033,899.4894226809654
1.4400000000000008,0.6842275166783695,1.4530933026773314,11.087185499241317,3.0335878202426407,6.165035617448559,0.0,1.9876744625868157,2.306042207379109,-5.34671671628036,28.81633143083897,-0.12932087697692196,0.0,899.7905689567959,899.9966399480471,0.19014133748485512,899.3000474544957
1.5000000000000009,0.8109687498076735,1.5799025432087859,10.691478751045835,4.762760878151488,6.157188905128518,0.0,2.2412003097684363,1.4622243829428079,-7.638943496993364,28.823981457597426,-0.13386299541387847,0.0,900.0764344599804,899.8863927042458,0.44010356523412675,899.8048423163322
1.560000000000001,0.9533294851397659,1.6117016896020504,10.23432109154643,0.20893943532125192,6.149292270720153,0.0,2.50146464498574,-0.08513170296022762,-7.184570574131259,28.820766643982484,-0.12745313725774177,0.0,899.7650293752862,900.0150527318334,0.46108754316937584,899.4686630514769
1.620000000000001,1.111484132688512,1.6354057924296759,9.83579490116535,1.938048500040539,6.141711811447376,0.0,2.777841355119487,1.2507614613827944,-6.43206724241441,28.814772927715325,-0.12420694369703675,0.0,899.8143534152616,899.9370896450228,0.38911344040174656,899.2212111447677
1.680000000000001,1.286927188092322,1.7560690242451815,9.39721981478195,3.666723398746086,6.134307026496469,0.0,3.0683311330570233,2.3506095170837153,-8.46492059728326,28.805257413214697,-0.12187232692725936,0.0,900.0161566315604,900.1052836285005,0.2355595570829214,898.8476081917336
1.740000000000001,1.4802462860323171,1.855022995209465,8.831410750197929,5.394953099498469,6.127135347857546,0.0,3.3792158766803495,0.6857384418054479,-9.973381068411685,28.80156957229604,-0.11519197801818779,0.0,899.9399558698607,900.2044238363964,0.21341945587736463,898.8591307296011
1.8000000000000012,1.6916786886205353,1.8644235212358455,8.260871457947509,0.8398624580156833,6.120520277978866,0.0,3.6657780097323465,0.10430086636166117,-8.898187505793334,28.801590128061072,-0.10185959072751723,0.0,899.5645430648632,900.0975145359076,0.2930821548215873,898.9403768906193
1.8600000000000012,1.921370915609435,1.9235286417288522,7.735003156468517,2.5678809689274775,6.114635901113196,0.0,3.9957469049151757,1.957763726405944,-9.124146678943323,28.79829248574772,-0.09143094514395003,0.0,899.5104808276363,899.9281438082703,0.4734094163907425,898.7653150217546
1.9200000000000013,2.1705897525554754,2.0551670590381135,7.119223175295661,4.2959481026929875,6.109108156236413,0.0,4.314509750799345,1.9741423759627401,-11.421754408181627,28.805051226221867,-0.09356233457423346,0.0,899.6694488611608,899.5806954998795,0.5581501273896995,899.1948263465575
1.9800000000000013,2.4398712048050357,2.1157844207002627,6.405176593890057,6.024600992168633,6.103537073850092,0.0,4.651546973613464,0.11941620541839237,-11.87287229029327,28.81837723673021,-0.09144973884657177,0.0,899.4750352359072,899.5566325796437,0.5557436040511836,899.7532334467253
2.0400000000000014,2.727508397083851,2.1257621701367495,5.727372466147471,1.4706433078955046,6.098085761809287,0.0,4.949268141195776,0.6639016086134943,-10.811772297838928,28.823420781113086,-0.08969279734850702,0.0,899.427725835433,899.4943947861136,0.7112303453436597,899.7309082209598
2.1000000000000014,3.035318078202237,2.2224586754295705,5.053917820468786,3.2000317689825195,6.092686599193247,0.0,5.300662349538982,2.2836920583777016,-12.057648830959009,28.82269045170224,-0.09057866321267315,0.0,899.5899984012437,899.5518447602702,0.8408751884840417,899.5839310420048
2.1600000000000015,3.3633248462525507,2.341597148272591,4.265701787563133,4.9294463754754325,6.087243012210809,0.0,5.6482050684168685,1.2869323752219997,-14.056640360461866,28.82512641500583,-0.09102348788117062,0.0,899.6059286283297,899.5855802633431,0.748767960467798,899.735563050258
2.2200000000000015,3.7122024154002045,2.3677150115889423,3.426810626820355,0.3756899759245762,6.081848921334146,0.0,5.955467604863152,-0.021140639384318524,-13.578094635070265,28.82175046416695,-0.08774868860707553,0.0,899.7309492143048,899.859120866575,0.32018274914327394,899.4959025986092
2.2800000000000016,4.078844262919594,2.3998710545168693,2.636903844058173,2.104899885089427,6.0766271967891505,0.0,6.293640170627948,1.4274781803223024,-13.057069787093036,28.817646922659144,-0.08564351082173423,0.0,899.6417430297179,899.7235336297016,-0.16234766364033973,899.35199495626
2.3400000000000016,4.466848857650015,2.520978853556003,1.8026855784862927,3.8338304348423318,6.071400460423924,0.0,6.6246060885386475,2.1918340486987278,-14.895190787520317,28.811239003176826,-0.09022247261295384,0.0,899.9938387617982,899.806374895667,-0.010775945533120723,899.1687489027947
2.4000000000000017,4.875596602177413,2.6095238487807584,0.8582035872653073,5.562604191997043,6.065766043592431,0.0,7.004524487375049,0.5128332836875554,-16.197581814179237,28.81527809391574,-0.10251162555231022,0.0,900.382725068697,899.8820328561876,-0.1666302153875624,899.4548841180562
2.4600000000000017,5.309066222518452,2.610831826328556,0.0,1.536507183332672,6.059544124857094,0.0,7.471564462160985,-0.7075984860756774,-15.344403124580863,20.07277481502463,-0.10618272942518223,0.0,900.0689885784125,899.914605714585,900.208885619473,899.5137166143944
